37 49 524
38 64 368
51 13 733
35 91 295
51 82 752
22 96 409
13 77 1824
81 72 1632
65 15 1529
22 67 1182
56 70 951
35 34 1472
15 40 2325
81 80 1209
69 52 2948
89 69 2437
67 61 982
52 38 2042
100 8 2085
11 63 245
57 92 1829
46 28 145
73 30 1371
22 51 473
94 81 2717
89 64 550
28 39 2713
51 70 2027
2 39 2546
2 9 2125
2 46 179
37 20 1562
75 8 731
32 73 1406
16 66 461
15 75 1130
45 34 1302
72 38 1577
89 59 2894
61 42 1372
14 32 1688
61 55 2065
100 95 2841
38 79 197
19 55 2328
65 80 1026
79 59 172
57 18 1331
19 55 796
40 43 1221
25 69 1006
52 84 1133
23 1 1218
32 16 1419
83 26 2386
37 64 2204
24 83 1784
10 96 516
36 20 118
12 13 2625
70 64 2448
8 81 1015
13 57 1524
2 70 2623
84 98 1407
39 83 1259
87 35 2083
62 13 2829
74 2 657
45 50 2890
92 30 235
53 77 2551
82 63 2781
59 16 2004
85 45 2235
7 81 632
65 71 163
78 64 1828
45 94 415
14 66 1853
39 63 1769
23 60 552
45 8 2582
98 78 2222
9 59 1827
29 9 866
28 40 2142
59 20 1522
16 24 321
21 63 2086
59 94 967
69 98 754
47 60 1341
79 49 113
79 30 2744
64 30 2420
96 6 327
68 49 1139
38 59 72 79 81 5.000000 6295.000000
1210.33333333

38 59 79 81 94 5.000000 5630.000000
1210.33333333

38 59 79 81 94 5.000000 5630.000000
1210.33333333

38 59 72 79 81 5.000000 6295.000000
1210.33333333

38 59 79 81 94 5.000000 5630.000000
1210.33333333

38 59 72 81 94 5.000000 7065.000000
1210.33333333

38 59 72 79 81 5.000000 6295.000000
1210.33333333

38 59 72 81 94 5.000000 7065.000000
1210.33333333

38 59 79 81 94 5.000000 5630.000000
1210.33333333

38 59 72 81 94 5.000000 7065.000000
1210.33333333

38 59 72 79 81 5.000000 6295.000000
1210.33333333

38 59 79 81 94 5.000000 5630.000000
1210.33333333

38 59 72 81 94 5.000000 7065.000000
1210.33333333

59 72 79 81 94 5.000000 5685.000000
1210.33333333

38 59 72 79 81 5.000000 6295.000000
1210.33333333

38 59 79 81 94 5.000000 5630.000000
1210.33333333

38 72 79 81 94 5.000000 7090.000000
1210.33333333

38 59 79 81 94 5.000000 5630.000000
1210.33333333

38 59 79 81 94 5.000000 5630.000000
1210.33333333

38 59 72 79 81 5.000000 6295.000000
1210.33333333

38 59 72 79 94 5.000000 4545.000000
1210.33333333

38 59 79 81 94 5.000000 5630.000000
1210.33333333

1210.33333333
